<tab:heterogeneity>
-0.021866754	-0.048340894	-0.037746385	-0.015841646
0.017538942	0.019606661	0.025392924	0.014994348
-0.080061488
0.039169036
0.050632905
0.026617268
-0.033642162
0.032974657
0.068509839	0.096902095	0.086215802	0.064476654
0.028822862	0.030031683	0.035561889	0.025779977
0.084125936
0.044506092
-0.060813189
0.034420479
0.030636916
0.037409775
0.149653762578964	60456.91796875	0.00438224337995052
0.0468273647129536	22922.853515625	0.0173372142016888
0.021290367	0.021171166	0.021114435	0.021273576
80241	75329	77197	79701
