<tab:arellano_bond>
-0.043435916	-0.0055914386	-0.022079572	-0.022787482
-0.043435916	-0.0055914386	-0.022079572	-0.022787482
0.17518334	0.029765546	0.018132737	0.02414659
0.17518334	0.029765546	0.018132737	0.02414659
0.038130682	0.0066267923	0.068019398	0.070332013
0.038130682	0.0066267923	0.068019398	0.070332013
0.2033132	0.034593835	0.029662089	0.039828528
0.2033132	0.034593835	0.029662089	0.039828528
0.84208208	0.32991743
0.01793338	0.017711828
0.82478637	0.84539521	0.059369612	0.14394154
0.82478637	0.84539521	0.059369612	0.14394154
80340	80321	80241	80217
80340	80321	80241	80217
