<tab:robustness>
0.86131603	-0.02013409	0.068211697	0.048077609	78912
0.038638268	0.020030867	0.030634338	0.016568262
0.86192143	-0.017766954	0.065721355	0.047954403	79355
0.038667414	0.02040264	0.030952079	0.017010592
0.28220448	-0.05919385	0.1485669	0.08937306	74340
0.042487923	0.057124581	0.13570224	0.097698458
0.50933105	-0.040694389	0.10649706	0.065802671	76995
0.040230058	0.030882923	0.06443473	0.036873579
0.53510308	0.018038847	-0.014296247	0.0037426006	79060
0.066931479	0.027438881	0.062968299	0.039093155
0.85850286	-0.020747304	0.071322583	0.050575275	78912
0.040279895	0.019235203	0.028181359	0.013745061
0.86102998	-0.018542996	0.066386461	0.047843464	78912
0.039010447	0.021734111	0.031776767	0.016531786
0.86125284	-0.019644754	0.06764853	0.048003778	78912
0.038476042	0.020210732	0.031191543	0.016699223
0.88016397	-0.019582093	0.071308091	0.051726002	62907
0.038065109	0.02504771	0.034637947	0.017487148
0.85478377	-0.035826739	0.087091587	0.051264849	78912
0.038584612	0.02363955	0.035272207	0.01654958
0.85542625	-0.033210848	0.083968177	0.050757334	78912
0.040191866	0.019848628	0.03059843	0.016251719
