<tab:static_robust>
-0.023938162	-0.022353087	-0.023762377	-0.011961198	-0.033112198	0.0070002279
0.01820432	0.018264422	0.016728343	0.042572342	0.025425727	0.015782921
0.058000587	0.056252863	0.057970572	0.027023667	0.084788114	-0.013293479
0.029147893	0.02939989	0.028220821	0.056056496	0.053368073	0.034484413
0.034062423	0.033899777	0.034208197	0.015062469	0.051675912	-0.0062932512
0.015330967	0.015704436	0.014621641	0.056815095	0.030256087	0.021798339
0.083226308	0.097742304	0.070792332	0.63675398	0.13930608	0.68131012
0.020953206	0.020765491	0.022766316	0.1798698	0.11421251	0.060480237
131398	132255	131398	122292	127096	130858
