<tab:zillow_categories>
0.84757984	-0.0262632	0.047908928	0.021645728	193292
0.029672958	0.021290863	0.030241819	0.015691804
0.85882699	-0.016916998	0.042903006	0.025986008	140750
0.031471256	0.039869096	0.04768528	0.013759952
0.80191189	-0.064810894	0.096768424	0.031957533	29817
0.028767046	0.026640942	0.041702367	0.019923151
0.83304131	-0.066891797	0.077641167	0.010749369	22746
0.028700966	0.052020323	0.056955725	0.020629836
0.78786588	0.028739452	-0.032662321	-0.0039228676	53538
0.030048832	0.026853347	0.045583472	0.020788413
0.80216688	-0.0068517532	0.0062685413	-0.00058321201	89635
0.029593211	0.023179831	0.028482802	0.011407132
0.81130242	-0.064526975	0.09203776	0.027510785	64916
0.032152578	0.047498949	0.068209328	0.032750323
0.80724674	-0.013265528	0.036874078	0.02360855	142759
0.031401411	0.026014959	0.036151115	0.011501811
