<tab:cty_vs_zip_mth_vs_yr>
0.026783202	131383
0.01350531
0.032553852	131383
0.015115453
0.86481339	-0.020362198	0.054515116	0.034152918	131383
0.03000506	0.016896166	0.028321043	0.015483005
0.017742263	47938
0.016947983
0.022728071	47938
0.019310499
0.88203692	-0.040584676	0.066127546	0.025542874	47938
0.020371078	0.027862709	0.037139114	0.019633522
0.017271738	9837
0.049711347
0.018659456	9837
0.054671165
0.89965522	0.0098771723	0.0082193334	0.018096505	9837
0.021725986	0.11650833	0.13439076	0.055106431
0.064983651	3612
0.052135337
0.065808728	3612
0.056803554
0.91694093	0.1181948	-0.05803116	0.060163639	3612
0.012255897	0.082537152	0.10481196	0.057055011
