<tab:static_geo_times>
0.026783202	131383
0.01350531
0.032553852	131383
0.015115453
0.86481339	-0.020362198	0.054515116	0.034152918	131383
0.03000506	0.016896166	0.028321043	0.015483005
0.017742263	47938
0.016947983
0.022728071	47938
0.019310499
0.88203692	-0.040584676	0.066127546	0.025542874	47938
0.020371078	0.027862709	0.037139114	0.019633522
0.017150847	11071
0.047576748
0.017773451	11071
0.051704675
0.89993304	0.023788638	-0.0073758727	0.016412765	11071
0.021680482	0.09799552	0.1086886	0.051361617
