<tab:static_geos_times>
0.038617738	78912
0.015229545
0.04652907	78912
0.016404681
0.86131603	-0.02013409	0.068211697	0.048077609	78912
0.038638268	0.020030867	0.030634338	0.016568262
0.0056516076	27267
0.019104231
0.0099752154	27267
0.022226369
0.87625796	-0.048542302	0.061846983	0.013304681	27267
0.02020397	0.038245894	0.050340664	0.023001457
0.010549374	6696
0.063699596
0.012883349	6696
0.069993347
0.89799076	-0.019447153	0.033404049	0.013956895	6696
0.026430752	0.091091685	0.11408219	0.069575861
